273.8679001754911
278.51297658002505
246.80939418432197
322.57255376930914
293.2628486547721
290.6932785535827
272.664988577691
252.74558759844453
318.21616446250584
279.1073103532806
339.92775260293337
288.4183577279585
282.1878878716103
271.5873549390902
259.7106638105561
249.40778787957305
284.7208265532711
278.1573383379857
332.7064513694438
322.1378556156548
306.74450537785253
357.60850017603127
300.3348764737194
275.6641565759773
258.8493709229077
292.3224254323394
278.9951931651608
255.6217043738845
297.0412482014047
347.2447441703015
273.07544466406114
368.58726636556327
276.79176238935884
274.03710268771664
299.7066884430142
315.660829981449
357.8149602728193
304.5832614742588
260.8107126850434
387.7376590751138
273.4211544915486
279.6968420870385
314.44115082531573
288.3951549261892
329.3360305196129
306.8542647146793
261.0769664610051
256.0672329623549
261.43987040239824
327.53525778271796
337.0440903650971
303.96071511754997
284.25246093163065
315.9477988428837
253.38789687758788
335.6239757026014
330.86047846496535
252.43688903752988
273.34822599979447
305.6906220399259
240.8478733313044
324.06529149772433
260.96987864026374
247.77466529396585
273.34721553948975
310.7072197007229
291.12776061193813
302.4874523783437
341.6503168859302
251.80887690156587
310.59998148994856
283.36401060666475
296.9954271863525
298.52761094259523
262.7242860330657
327.42854940155036
285.1127714856963
315.52067656641145
268.2760986554631
282.60203127132127
338.14704843441365
294.1121378101709
264.63519873020203
263.6886019545237
350.9044402322035
262.83058757921805
326.2822441667451
313.36926327782726
311.1588493238827
287.07855902180734
305.163581324653
382.73657277171725
264.36220436495677
279.77978739069374
330.9335531253268
308.11737523562056
259.38257150202185
260.7567943811939
244.33012192755834
270.1984002308445
