234.57850186178666
250.95726557849946
202.06051996739845
244.59058083596852
220.25190882812402
258.49561561381415
227.24546708898328
243.34157659919526
274.6449662079241
197.36330545776397
235.0147081736746
189.40082080964044
235.37721765527934
176.8892832320814
197.6628029801891
224.84290573458992
239.61078517683035
219.48995235301769
218.83132533922992
258.31292955372567
224.31752044032032
243.12300073233132
201.83657374054013
207.2047307788752
235.63588661320657
216.63701465621853
211.74902902494162
190.88102030661207
215.08245763287312
261.1309244555362
214.10876181329354
207.93258001159566
213.95055093813613
238.4529867283893
229.4796308664616
214.9285903604435
290.789788108567
229.80079613946262
210.06051715711098
260.34576316420436
232.85220665494973
233.38508242201925
247.54109932541317
239.79605226914055
218.63345770732641
216.0662317957931
230.8716989968368
241.34346328684765
201.70381489174946
279.47050152057614
229.9827980872965
248.439584802688
215.12531989755828
261.9213347402193
219.51665482823097
254.47286132375544
217.36281946476612
212.6861797552711
245.9375837969466
251.13279431996077
161.35851203308098
264.94956827979104
224.40655514717898
221.54267988995332
256.79716603702
245.56265507288686
221.54576108904246
217.4328834056065
261.1654170590534
229.86237406197026
256.00436573562797
225.97289158359308
243.51449486800246
250.32276308493937
208.72589131166342
265.05697182771183
215.73936834408846
260.0537031282688
213.65992519102934
255.63944411375851
296.1244458635011
229.83932891593452
211.07383752681807
234.32035081289797
234.27071253092095
199.0643659665847
204.3059420940287
225.75992861966313
213.2183002629586
256.00666002649075
245.21183569864246
254.53212533609664
203.04318609140984
219.9723152737368
242.53419603868528
232.94356275876123
234.8028969061354
221.22787692203426
195.65286267294405
239.37875504841566
