2.345785018617866626e+02
2.509572655784994879e+02
2.020605199673984771e+02
2.393090790876775031e+02
2.218348180186409024e+02
2.584956156138141523e+02
2.289357086655172964e+02
2.433415765991952640e+02
2.634174685618365856e+02
2.083119843928006105e+02
2.365361093103968813e+02
1.894008208096404360e+02
2.214414654643677522e+02
1.768892832320813966e+02
1.976628029801891273e+02
2.202445809281663003e+02
2.396107851768303760e+02
2.182507946518017548e+02
2.370994734817936944e+02
2.561755296778443949e+02
2.243175204403203225e+02
2.484822915909575443e+02
2.050558542853372899e+02
2.072047307788751880e+02
2.402665026795625351e+02
2.166370146562185539e+02
2.114754951809750310e+02
1.908810203066120721e+02
2.150824576328731155e+02
2.561104755816273837e+02
2.141087618132935404e+02
2.079325800115956611e+02
2.139505509381361321e+02
2.419329511534207313e+02
2.294796308664616049e+02
2.116901974374138149e+02
2.731029611010671374e+02
2.291809433733657784e+02
2.100605171571110077e+02
2.589801534260250264e+02
2.418615429390710005e+02
2.345282471739994321e+02
2.523136205833050383e+02
2.397960522691405458e+02
2.186334577073264427e+02
2.160662317957931009e+02
2.308716989968368125e+02
2.233665803023375247e+02
2.017038148917494595e+02
2.674282421401062493e+02
2.299827980872964872e+02
2.475104231538318800e+02
2.119254547169202851e+02
2.490512720300848173e+02
2.195166548282309691e+02
2.544728613237554384e+02
2.173628194647661189e+02
2.126861797552710982e+02
2.459375837969465977e+02
2.511327943199607660e+02
1.613585120330809843e+02
2.711303386334802781e+02
2.266071552428260816e+02
2.215426798899533196e+02
2.404132210921748651e+02
2.455626550728868551e+02
2.303526900111293969e+02
2.174328834056065034e+02
2.554737861026818280e+02
2.298623740619702573e+02
2.560043657356279709e+02
2.259728915835930820e+02
2.435144948680024584e+02
2.503227630849393677e+02
2.078218005516805533e+02
2.650569718277118341e+02
2.157393683440884615e+02
2.502249460832937018e+02
2.136599251910293731e+02
2.589796223795800643e+02
2.961244458635010801e+02
2.298393289159345159e+02
2.110738375268180675e+02
2.343203508128979706e+02
2.342707125309209459e+02
1.990643659665846883e+02
2.060715857222249952e+02
2.455355055456056732e+02
2.130017963938250887e+02
2.560066600264907493e+02
2.452118356986424601e+02
2.551901144042751071e+02
2.030431860914098365e+02
2.199723152737367968e+02
2.425341960386852804e+02
2.329435627587612316e+02
2.348028969061354019e+02
2.212278769220342554e+02
1.956528626729440532e+02
2.393787550484156554e+02
