263.93526135979164
290.9047978103728
306.2645573371486
298.9723187609571
268.89991641325116
279.71256232658845
278.1633186569294
280.47946448373034
281.65427092114464
282.4391226781315
322.41292071886556
264.6471955509546
283.73733880688025
302.548775948635
247.4304864393355
318.47853456715745
264.58590443163223
275.9058774899304
284.73419505888796
280.88533714504695
268.77040884456744
270.9703235150608
274.54477537985144
278.4431475579838
262.0504049376599
272.85839872789563
279.29163492848795
266.8033909019765
266.5606851783606
308.95614341445827
272.0686588180079
278.0124201501801
270.38818370642014
259.40899576032535
296.9336731530078
304.95368417690594
300.9107320532217
275.98572503608943
294.0334259517717
290.5962638341806
268.0289791192044
303.228686407066
273.920734597922
285.7278877100521
242.905418224931
309.44904023608655
300.4979046102176
288.1099710756607
295.968329938834
298.19762421528543
240.99680387151605
278.79010975416213
307.9158646346756
299.2153790890242
263.417365189396
286.34121445366156
257.4973418097803
289.94161696605664
263.96725878940333
266.5655072710997
276.82229635786916
320.7225207974431
265.63172365530954
283.48403057568197
299.97737285001733
343.3907897932582
271.86954287926653
254.34074256291197
283.4733593779771
278.772744517242
269.4882885354103
262.29451185341475
301.9417201874873
281.9935303000951
282.5474264877001
279.5904248695972
312.88125641671195
263.8720746542242
258.2748768644882
277.13484179799303
286.3527316513109
257.3932180066894
262.14534937410514
292.33760007258934
269.26278786323576
278.9859314882199
274.7484054666306
312.914693857567
274.0984465971182
274.136817668552
269.6235285402615
282.7595705075681
279.2486709683417
284.0976527606757
291.899845062884
303.92472024836866
281.5829116905432
265.67053308933913
269.76423172493537
292.50637671026726
