286.52242776259425
291.2641355339466
317.97139657424333
303.2919914898158
301.8664738757551
284.53621209047327
301.55018975123676
297.2471605565225
294.4180625099208
296.69142983010863
323.66180761539215
264.6471955509546
293.17839141314244
308.26945197315837
275.5364087526053
326.36359536891075
264.59994126204515
281.39469105813197
277.23081324550975
282.96076602478513
299.0640655048327
272.75700302206155
284.04918949058424
292.8826111284418
281.2723444198673
280.82941701917434
296.89674391070014
267.81060867849317
269.1193870609021
316.6131156984503
276.13209016501116
305.15087153342677
272.3751604309688
259.4089957603253
303.1578741762529
317.68839563786435
300.9230543256898
290.9655182380226
308.2005142440889
292.5792509584268
268.02897911920445
325.9852750299467
303.6397844949091
323.30846508883394
243.46985520013814
323.0474652472135
302.1754406495073
293.34310065762406
303.5723982525175
308.7709770715286
267.4936337420735
281.384512586538
307.63086769772355
313.913705579605
276.06549715306426
301.47477669518037
280.4938608860905
308.38349024263545
268.2502813944907
266.5655072710997
296.9900817486638
325.2877329610633
269.79780421345174
304.53483742264075
313.49618443014697
347.1192906883675
272.27059471916505
274.5902412806352
300.49042917119266
307.3040766793721
275.4746735431727
260.96675763927067
309.2945448221234
301.2505624051199
297.85787009634697
283.9244143285571
312.97676476137514
268.22690222472704
288.57738988406635
274.05604419525946
286.3527316513109
279.5946190949991
269.5665297403571
315.38520612338345
276.72320267999675
314.3438123061046
272.79651657380026
306.95321540901864
274.2467203907679
292.1403396019657
276.7961642519954
302.150409909204
292.57339424968075
300.62691402938725
300.28176938514645
307.3421888184062
285.82494118078796
265.85933872047957
276.293525738944
314.89426579574047
