278.8958525820277
258.60293261512624
283.7295366260555
256.2753443498561
249.2078164620408
260.9100167779718
239.18911201093135
241.41295861192737
294.52047232104127
278.82645659500736
301.27713181851317
278.32501850155404
233.30388275417383
269.33753049298446
275.42794339947153
251.52500577274685
234.97179162512518
272.1420138680609
271.2632138702681
269.79415786106347
262.20485926244083
247.62643035573478
236.57861314353534
237.3524894945221
270.9732714906066
233.88572757703145
248.89345259845376
256.61147618588365
241.74775938379133
249.4981281493779
269.8813083321186
273.7827082423464
219.51408417069962
251.37166695237724
263.4811417438765
256.11662129675665
220.81760580419066
278.09986867319196
241.22331732862327
239.62785488622794
248.44594685944142
282.5491207420574
233.22509090675248
258.9502398852462
255.74234815252578
221.12435584871673
244.42928911304185
241.63900702983028
233.50096176914428
252.79730830521768
285.733984933183
228.1201164265086
260.7533334374288
281.9385467345199
265.47389138125243
286.74194784392853
264.59453384011954
265.1206351882331
249.3277248305747
295.866027687043
298.61199650021877
232.2761259480044
274.1053901853709
252.4786436323857
265.23355348609704
227.1250198318636
246.16453498451634
247.12077439428361
254.77732330092897
243.6938313677631
250.1764215677931
252.55944416848516
238.97062797270257
224.97895938794068
262.3586799826827
237.2728095001712
247.06621037378423
264.46354152897277
290.0692559695882
251.7693585348076
256.19757563052923
297.6829584265
218.19562404510964
240.41074004289652
264.5824794254505
237.46189022306294
237.103568002309
256.8095933709571
245.36493730957073
274.93915917394185
263.3837567391814
275.8851787796891
221.0707487632461
256.57371791409514
289.4922437441021
279.8630401598219
246.44775829678153
284.9061402069377
260.4485201063774
254.9264779890483
