278.57212197787607
258.60293261512624
283.7295366260555
256.2753443498561
249.07674503378166
256.7646429407881
236.5699784943941
241.21280035260096
294.52047232104127
278.82645659500736
301.27713181851317
278.32501850155404
233.30388275417383
267.86453783553844
281.48291870432297
246.09280869631345
234.97179162512518
268.28253219266253
271.2632138702681
269.79415786106347
262.20485926244083
250.2751037380689
237.84579319177095
238.02189025900446
270.9732714906066
233.88572757703145
248.8934525984538
253.74271793052512
255.1101489013464
252.73199710750905
273.36302926694725
273.7827082423464
220.45927347593323
251.37166695237724
263.4811417438765
256.11662129675665
220.81760580419066
267.50492997853536
241.22331732862327
239.62785488622796
245.23355922659982
282.8024573467793
233.22509090675248
258.9502398852462
255.74234815252578
221.12435584871673
244.42928911304185
242.22859351007898
227.68399225693986
252.79730830521768
285.733984933183
229.34839982752655
260.7533334374288
281.9385467345199
267.5535165596458
286.74194784392853
264.59453384011954
272.8303938916463
249.3277248305747
295.866027687043
298.61199650021877
235.60090582102555
274.1053901853709
252.4786436323857
265.23355348609704
225.34967973726418
246.16453498451634
247.12077439428361
260.40744952533777
243.6938313677631
250.1764215677931
252.55944416848516
238.97062797270257
224.97895938794068
262.3586799826827
237.2728095001712
247.06621037378423
264.46354152897277
290.0692559695882
251.7693585348076
256.19757563052923
299.1557809083316
218.19562404510964
240.41074004289652
264.5824794254505
237.46189022306294
237.103568002309
256.8095933709571
245.36493730957073
274.93915917394185
263.3837567391814
273.1023615567947
221.0707487632461
256.57371791409514
290.6338099692361
279.8630401598219
239.24949866601025
284.9061402069377
270.1834215948185
257.03148885209214
