2.785721219778760656e+02
2.586029326151262353e+02
2.837295366260555056e+02
2.562753443498560841e+02
2.492078164620407961e+02
2.567646429407881215e+02
2.365699784943940926e+02
2.414129586119273654e+02
2.818916098794148866e+02
2.788264565950073575e+02
2.959761830527420443e+02
2.783250185015540410e+02
2.293500136674977057e+02
2.699943126277523220e+02
2.754279433994715305e+02
2.460928086963134547e+02
2.349717916251251779e+02
2.721420138680609853e+02
2.726415263511020157e+02
2.642950025481326293e+02
2.649768998290618356e+02
2.485531716865151850e+02
2.365786131435353354e+02
2.380218902590044650e+02
2.709732714906065780e+02
2.338857275770314459e+02
2.488934525984537913e+02
2.563109068011308977e+02
2.394729760540863595e+02
2.527319971075090734e+02
2.698813083321185786e+02
2.607339473162246009e+02
2.195140841706996468e+02
2.487673456500752707e+02
2.634811417438764920e+02
2.429500649922174489e+02
2.243525086196527241e+02
2.669090227233457995e+02
2.412233173286232670e+02
2.383098103284069111e+02
2.471625505204036131e+02
2.896831774721090369e+02
2.332250909067524844e+02
2.724307499866334297e+02
2.556101061877541838e+02
2.211243558487167604e+02
2.444292891130418468e+02
2.422285935100790084e+02
2.276839922569398880e+02
2.603583211976443863e+02
2.857339849331830237e+02
2.281201164265085879e+02
2.640445286180404310e+02
2.819385467345198890e+02
2.654738913812524288e+02
2.867419478439285854e+02
2.645945338401195386e+02
2.651838549333893980e+02
2.694994028847095819e+02
2.887471228406147929e+02
2.986119965002187655e+02
2.562701432491313085e+02
2.741053901853708794e+02
2.363941437706420743e+02
2.561830691711272721e+02
2.323667511015469813e+02
2.582001755296324745e+02
2.471207743942836146e+02
2.418061419839033874e+02
2.476002759938939732e+02
2.463029371263034193e+02
2.477934926085748089e+02
2.403922410359444086e+02
2.249789593879406766e+02
2.623586799826827018e+02
2.372728095001712347e+02
2.433872873492511530e+02
2.597984740823332004e+02
2.963380574536460017e+02
2.601111307580725907e+02
2.544213710122533598e+02
2.930077750454140642e+02
2.181956240451096392e+02
2.404107400428965207e+02
2.629340412637942563e+02
2.374618902230629374e+02
2.371035680023090322e+02
2.663960731245504121e+02
2.458671098294278750e+02
2.728102273657850674e+02
2.633837567391814218e+02
2.709959890745560642e+02
2.210707487632461152e+02
2.613843031529203813e+02
2.894922437441020406e+02
2.798630401598218782e+02
2.394427347731073610e+02
2.632168809971522023e+02
2.604485201063774298e+02
2.523432301010077197e+02
