564.2899646919725
597.6528270520786
549.0184748673481
583.8444684294127
556.2482219302149
561.9814908970741
582.6551187803575
593.7180301595247
582.8651747781721
574.1381966192522
582.069515771136
526.6806090216387
583.8497873162938
541.3849222283815
611.7557922407912
529.5023278693168
556.3439594787664
573.724311259091
573.442502455096
555.919416831515
577.2542080480293
569.7251512121868
557.3981229808034
540.9934832164784
543.4304626546871
563.2510021371781
575.2612777485491
591.6099996443405
583.8995379218192
560.6819137519616
551.8293484302765
567.5014112132699
574.4220990951877
606.291559120855
551.7430262222553
594.8518888397218
590.2989951409643
574.0927155932311
560.5806524282511
565.0787655811984
558.8471770888051
583.0025539561783
570.5259883310976
521.232907045208
587.3840949164219
593.2922741180598
555.5099408989735
597.0316188375533
587.46807749143
556.0431108026062
588.3095496387373
625.2436091929123
567.7629147478008
555.5816989302406
554.7046685621856
575.5170250621933
551.6464545392549
608.3685782871254
578.1755566438012
575.4283849423367
573.2102198887942
560.1552401193665
562.8562484564978
562.90174982498
553.2925174912403
550.7522319696958
557.7651801320242
548.2475186789904
580.3962243789024
624.7458677096762
564.2021294206355
578.5077847905386
561.2656212549762
560.6486013712025
582.3644475118226
589.8084032989715
607.6111212318683
554.5236503766196
584.3537455925244
558.8531274782592
535.3591194001555
602.7230788947488
559.2701264880269
595.0527579942292
575.194944445456
556.0077194735348
558.6756555426904
568.7314047738157
581.7647361479303
533.8320774620759
576.393411612971
597.4551333837572
602.0404930794725
577.0492186107537
558.5623791459792
567.3149429638489
570.2548899649305
553.9219299576953
528.203080166741
592.419430093449
