620.4672666679186
637.0274015552761
592.5097024556272
596.8552521006203
603.587934889984
605.6108975563901
596.537418285593
633.5139746858738
604.557164800799
612.0080980674948
642.3027970960861
563.4712720836993
611.1797824261665
576.0938248955955
631.9955939340865
562.0490029767419
599.5386611570589
630.5709279150443
606.9717433894276
607.6209696896562
614.4598958795021
627.84731102977
603.5663542727548
563.0534689208047
607.8272648847126
580.7028700568862
598.7437772348874
631.6258320282558
617.6496025555969
609.784127265706
582.2492401297192
594.7958025597727
608.7274054598253
619.4022240827369
605.8093722216549
615.3260558879176
619.8703524260218
620.9925260500286
584.5169297947333
603.4727414101324
591.6089402949953
600.3984515486444
594.8761124434903
557.2500249791264
599.5109750262283
632.3005323366169
609.2397969895562
637.7783014425332
601.607597856503
590.4662952198713
617.8937299385319
623.0735494557889
591.6299693422851
584.009307171447
568.0904641210864
592.9053934613834
572.3846145210781
614.9445412729738
595.9608857751059
606.853757669388
604.2619710646405
587.273012428193
587.9610296983885
597.3347727420331
604.1379259262126
587.8364573781413
593.2949376964208
587.0704528181537
639.1384723809336
657.7949173724683
609.6629704354013
608.6180950556619
600.2891925710161
612.6641858342443
612.1129019272809
603.52177255746
619.4878264674546
585.8515139492748
616.0236675446315
586.5333315004553
575.6453692852705
619.6993724400915
579.3918605264564
630.972829486082
615.0739166191789
596.7987112507368
591.2146042012764
588.687137557743
600.4148433884478
588.7050370186158
616.5042351189206
622.1983301666844
634.5069469728546
589.2012586473339
614.2278460830321
606.8613978289638
597.9229213623494
596.6945203983389
569.8128697332734
647.8554906569063
