564.2899646919725
598.0652194471996
549.0184748673481
583.8444684294127
556.2482219302149
561.981490897074
581.737865427128
593.7180301595248
582.8651747781721
574.1381966192522
582.069515771136
526.4179305928843
583.8497873162938
541.3849222283815
611.7557922407912
529.8447450076374
557.9188746099942
573.724311259091
572.0884486392969
557.5875630517412
576.4411332673482
569.7251512121868
557.3981229808034
540.9934832164784
543.4304626546871
563.5503295284648
575.261277748549
591.6099996443405
583.8995379218192
560.6819137519616
551.8293484302765
567.5014112132699
574.4220990951877
606.291559120855
552.0196489264372
594.8518888397218
591.3814384651272
576.020014526924
560.5806524282511
565.0787655811984
559.4408946372312
583.0025539561783
570.5259883310976
521.232907045208
587.3840949164219
593.3003344724928
555.5099408989735
597.0316188375533
587.46807749143
556.0431108026062
588.3095496387373
625.2436091929123
567.7629147478008
555.5816989302406
556.1878639306926
575.5170250621933
551.6464545392549
607.6236546809893
579.6655239044768
575.4283849423367
573.2102198887942
560.1552401193665
562.8562484564978
562.90174982498
553.3918036801869
550.7522319696958
557.7651801320242
550.788523168192
580.3962243789023
626.2118281984477
564.2021294206356
578.5077847905386
561.2656212549762
560.6486013712025
582.3644475118226
589.8084032989714
607.6111212318683
552.85888332103
584.3537455925244
558.8531274782592
535.3591194001555
601.7525796196961
557.2629144145883
595.0527579942292
576.0094215442139
556.0077194735348
558.6756555426904
568.7314047738158
581.7647361479303
533.8320774620759
576.393411612971
597.4551333837572
602.0404930794725
577.0492186107537
562.6426113780387
567.3149429638489
570.2548899649305
553.9219299576953
528.203080166741
592.4163628139539
