556.1836262728672
530.2190697553683
518.1293540373487
507.853049211716
495.90919861422947
575.8876812205959
556.3051377938509
543.8027856397938
528.864595505448
532.9009066757479
543.2906095282414
571.1345138461086
582.314099495069
546.8042001137466
602.1421160986674
522.5843871950308
600.1242871841691
579.6977736562175
511.8107967153386
550.8005145359339
532.0332114825828
615.7118899367924
583.2990274938627
564.2646642039495
577.5326513041166
554.9313324845168
535.7456377919053
550.0917193689755
561.4661906813186
557.1466250627108
576.8709951757783
573.6018561734866
572.2589680408363
589.505391345156
583.3657543321424
543.8924262749129
581.3917864565175
544.8646260208665
563.5236911230346
587.6485835826008
532.5537090354569
551.609785460868
549.9857833160024
542.9228143540961
576.6245898362616
572.2006876065745
576.505306251994
522.5939483863751
571.7212542039432
579.429344548804
558.6675708299013
584.9951346077082
577.9591794424035
564.0798489811718
537.7116326358185
535.3103801566717
567.907740289675
549.0626040693029
520.1473536438749
570.2005206458037
582.4537111260134
586.368340759415
530.4667373095969
519.9019597007376
536.9791392737229
584.6837776762447
621.8452263258372
530.66321632322
592.8140210257748
570.5170035847524
528.2643458416898
567.7702174050441
587.4739525158203
569.346908260535
583.3407556720448
540.2611792173392
575.3545602263291
564.7526920201782
569.2334972861337
590.409907307611
575.7682018331516
570.8905165652592
578.3722023867521
538.8029537595668
571.6266157126768
570.8904260352806
563.8206371821888
539.5921431520723
584.2968743438427
543.1436598840143
550.9257035322973
575.55413471308
589.3837613446773
568.5812644390993
558.3335511629649
560.6779107217184
563.4725651409544
556.3033707707064
550.8694414209568
559.9889388787977
