564.2899646919725
597.6528270520786
548.589703299858
583.8444684294127
555.6822454511689
561.9814908970741
581.737865427128
593.7180301595248
582.8651747781721
574.1403430635081
582.069515771136
526.6806090216387
583.8497873162938
541.3849222283815
611.7557922407912
529.8447450076374
556.3439594787664
573.824581515036
573.442502455096
555.919416831515
576.4411332673482
569.7251512121868
557.3981229808034
540.9934832164784
543.430462654687
563.5503295284648
575.2612777485491
591.6099996443405
583.8995379218193
560.6819137519616
551.8293484302765
567.0675584598524
574.4220990951877
606.2915591208551
552.0196489264372
594.8518888397218
590.2989951409643
574.0927155932311
560.5806524282511
565.0787655811984
558.8471770888051
582.8980240917953
565.0499277168626
521.232907045208
587.3840949164219
593.3003344724928
555.1756707093431
596.0032244589062
587.46807749143
556.0431108026062
587.9775271502438
625.2436091929123
567.7629147478008
555.5816989302406
556.1878639306926
573.116748135955
551.6464545392549
607.6236546809893
578.1755566438012
575.4283849423367
573.2102198887942
561.3614982823219
562.8562484564978
562.90174982498
553.3918036801869
550.7522319696958
557.7651801320242
550.788523168192
580.3962243789023
626.2118281984477
564.2021294206355
578.5077847905386
561.2656212549762
560.6486013712025
582.3644475118226
589.8084032989714
605.2664681458817
552.85888332103
584.3537455925244
558.8531274782592
536.6500892936097
601.7525796196961
559.2701264880269
595.0527579942292
576.0094215442139
556.0077194735348
558.6756555426904
568.7314047738157
581.7647361479303
533.8320774620759
576.393411612971
597.4551333837572
602.0404930794725
577.0492186107537
562.6426113780387
567.3149429638489
570.2548899649305
553.9219299576953
528.2030801667411
592.4194300934489
