551.3222155991479
527.3591854728841
506.4383895527964
506.9408605091097
496.87545223850606
570.4355426679169
540.8570112082001
532.0025356969035
504.6908861360546
518.3527806697015
528.1068601232491
553.5484897337401
585.0665891848722
541.6780153911471
582.1875929255433
510.02664612013916
596.5041644595294
573.6045900881352
512.2011696383224
539.0315525142147
525.258594708506
579.8060281589684
554.5017256875926
521.5906891432105
554.8192389141034
544.7845186129355
514.1024724354317
525.7559176034403
550.2217391911466
545.5397274919285
554.0055786932294
555.5170895823807
572.0744363445566
552.1749357803499
561.2180090844763
547.6761139564833
563.2522022643135
512.7830470896445
540.8654617605835
557.7452921439825
518.899353858674
530.575939641464
531.2246638657275
515.6590657030753
550.4058591571106
542.1013608461363
560.3328690322783
495.7706035745964
560.449636674812
559.3176501377652
535.7468850613692
559.7754073164938
556.1343658055848
551.7101068148934
532.1141787523932
517.9030444448059
549.8528187922752
509.6198885303387
501.24501761873125
544.6134953960951
540.3698573029353
547.7619332666322
521.912493882217
493.606294346475
513.4876855716612
555.2897642850719
586.0758145640824
517.4951104830909
568.386939434421
538.653987300945
514.4586248518094
550.4480268789732
574.8398881607884
567.0965597598872
551.1295323002267
530.4245395454925
557.5525809036345
552.1488452471431
539.0584201761374
567.3447296864847
553.1564340258628
555.422566057181
545.1087225411075
518.6802501403475
552.1083646123209
558.1024030769895
529.4957781235487
512.3072578474836
556.8383155381375
509.4494079992053
532.484443362973
565.3421611905499
576.70298729532
540.3078363274437
541.047901769439
532.3138093577563
532.9768782021661
538.9082683542526
538.7834499219757
542.2531022254298
