558.4748205244289
538.5984610979976
525.6285991878078
512.7607895999131
508.4138927299042
581.0276061804702
545.2158903333591
552.8984205181226
520.970769963666
528.4910676476452
524.1754742318185
577.2144347190325
595.2955396221965
550.2142080006217
611.6267318553804
519.071953904783
574.1759685443333
578.2021183970094
546.7356450928053
549.373512282667
525.1624924442857
580.2969908803797
559.1980257363717
560.5564705299297
564.3814131366537
562.8744463733212
527.9356086367815
541.5214855850595
578.5865835869638
560.8277402203842
571.7703223952101
563.9554115448932
551.1691057194041
578.4006568413023
570.9188120016687
562.9351728059719
572.2046294202976
529.2599358753008
550.673903165209
576.8560622356684
535.0471472571622
541.8958665114011
533.8064329685047
530.2454168669068
578.134915386469
552.697714045337
567.8412772854172
532.8754399686546
569.8958204972362
554.7405055150986
547.2541941934753
566.8760516026133
562.7973105696732
561.3691993812723
541.3852100402214
531.5718853051326
572.968487574769
539.9761299010224
507.5592773283262
546.4820271285539
547.419709281776
562.4999769574019
523.5962939943603
513.2284524733388
524.3613977582165
584.1549734554076
619.3889253272783
527.3848564939976
581.3896926057364
552.2754253519264
515.9756831667278
552.0317930601246
579.9989960052693
564.7096547351523
560.7113346874639
535.5819805114857
559.1664235708505
563.4960638568932
575.3885045164172
575.8692235359276
573.44978072041
554.1297580320233
582.609516150456
531.5717350897662
555.1219174780429
559.6906652883346
541.5000611014603
532.2905129243834
572.5986395662151
535.6048508453825
540.810892284828
558.028140900725
590.8635330845566
570.5495647322336
544.0776284759606
536.5785515682394
540.172815471165
550.4361968546721
557.7243693611554
533.6497358539681
