558.6440860684702
529.14621329157
511.1866514896202
513.5204564661166
503.4799266927496
577.2775733846022
561.2885504439063
542.4856652974624
513.5907320686198
543.1201582333742
529.9650717791262
562.8774724123565
602.9639923069278
549.61176602748
595.3711965983105
512.9158336601923
590.5567847457905
580.0080784257727
518.7507552043267
542.7334448824826
530.8286255518326
594.6581117523235
557.9155890944079
553.7297158903841
563.5427560433133
545.2558304567034
516.8912147677524
529.2064454927082
552.2087281819872
548.6360364783341
556.9005628286766
565.1236977291362
572.6806773099701
565.1023980357786
566.4314440178563
555.8249515489592
576.2722559885211
525.9354422562965
549.3622264064605
565.91875159798
522.3665642546276
545.2098242095556
539.8041872712771
516.6425512729621
559.9195554608353
539.6129476040901
570.5781756629339
518.2050931467791
562.8417170510646
564.8998080935427
537.9743204014679
560.6891637027966
567.0229923700722
560.4075784871734
536.6521122805952
520.6756322582671
556.7971790366648
508.0185256013141
504.95445989274185
544.5352618203386
543.6150749580535
554.7485254954909
526.5558001261423
503.7535650125393
526.0136539156314
565.5885231343032
592.9117388614707
534.8420800569495
572.1339065435602
557.421221418002
516.0866251683763
559.7677902770154
577.6467909065686
567.0722365120441
565.9882114668949
534.555774733026
559.7742295127241
553.1610831822394
561.0088519122737
567.996191638333
557.0201918648099
570.1992581397369
551.5530810058129
524.5104767711341
549.2989465408295
562.950731579081
533.0397269391806
513.8115095588364
561.559133671332
529.3263171389831
535.5603266022844
560.4322553219836
580.0106964593831
542.9090055217979
546.8370418430691
534.6643445982859
532.2019302227662
546.3867451575215
536.8707630404334
543.686239869965
