429.24122018689496
440.4459544119742
385.03960066544624
422.3117718164141
396.06565591453386
408.8332492101772
349.21801100890707
408.2556771435311
368.1362623363204
358.5910790970945
387.245659707486
455.19948771293735
418.78517630412057
382.821428045017
397.6038153027516
392.77932022084497
370.22951989350634
420.1577074866051
386.02417744022966
402.79018916560767
388.9145783721472
417.2603172414073
433.4534528067526
439.17826508019505
376.15872263308603
435.0785045673086
388.9498830662843
402.8380970511166
396.081296417923
452.6857076842027
388.5270225004989
409.8683369710052
396.22283663188125
407.3475856034011
384.7473742700189
400.1755620782144
414.5041856038059
392.3976686446016
370.1968529920215
406.62369859102864
449.4416584442653
403.1984184437667
413.76756125271277
412.31682862223266
437.4104976792544
433.10107681938547
427.7002006872963
399.4002980990789
399.50043299913557
417.0692010824791
433.66090713489564
403.80369541994617
416.71165751146077
419.154597046058
409.6093451426394
394.73783365602714
431.42379277398044
448.62190263067185
390.2676326616121
408.9783253670059
410.38111298059675
396.34090766189865
422.01054799329296
401.91299930839887
406.7411400648741
393.9539217866636
402.4667040424417
368.0362216445467
422.8140515230856
377.8253155087183
379.56947879781876
387.9115909242935
409.9657562538501
390.53085274489615
420.1848522981721
381.83440599361825
384.21996353058955
411.9325354615832
430.30187781796246
450.00216680979725
407.1377683856831
401.26637767705216
400.64518542864806
415.0534666591795
401.14018590210264
407.72390284046696
417.7478255756225
367.0194972728915
381.4585767770886
400.2770128869207
434.4670272892143
391.8408115146883
389.206377540026
418.7425936272341
408.89230238467064
366.0339927224628
433.55761936346676
385.1894226226343
391.25468814172586
379.78390665861417
