449.3000274082793
441.2692901824886
388.62602466874876
437.5077294946462
394.4480268865917
414.10909389269773
354.50776390085986
418.0549695392312
377.9024975629874
372.82159793111236
395.15208673339333
466.8235527438997
426.2612660602067
423.1670850401507
398.1015864335376
413.1208920496143
378.84540001864457
430.17935690383433
410.89391961937565
413.5434678825899
396.00243124449423
425.7540070754667
443.8915222474486
454.7143654656174
403.9495622331848
454.8853662962997
392.7014895333507
427.754229197059
403.3805576277904
470.3966584260319
405.0877920712377
451.47018856479167
434.1238569896978
433.8600653210251
397.3136477432573
389.67551810784914
457.03238422042216
402.2516106068612
381.8477171684805
442.5312542968528
456.2589870210214
401.2004919587863
424.4035310934349
427.8498989979056
446.3265362676081
437.4944457525129
441.5367074812533
409.4762882703977
401.787106566082
435.6357818926244
447.3493844785334
419.3262354298341
427.9982894360585
423.25880393541695
412.8154603911711
420.3762694435911
434.42431486560577
490.71890132849876
418.92711896808316
461.04952575256345
427.58743710609144
415.70512594660806
435.4206702573838
416.5163876745145
416.41456207489614
407.7131602013545
400.8606691108317
390.2853649412506
419.4796009154106
417.8880551384316
405.8882917241648
399.9074168349955
445.1978986260244
436.20002866395
449.42906643985947
395.0423295820929
397.4652844789511
413.6429596839377
440.6859990601091
451.069560363532
407.44667434912867
419.61544433494595
414.3782210167181
424.7699611712627
412.9573673939419
439.5612236738246
445.2484035834318
382.17575381468976
407.9773936234278
412.97094752846255
447.66982136283985
412.9329063006099
397.08767130494107
442.18996820128064
423.4076486508641
381.9571590779982
450.09749552877315
408.57099522075714
423.5924605814179
402.54852875366964
