306.9059560868549
311.6772500527016
333.40331261026813
289.20349885224306
298.2217772757703
255.01052138940074
264.78757246866195
293.9698081389959
260.4842557727466
263.5289300300191
232.50495692647
310.664394842391
243.8863221227292
257.66169733620904
255.40864103227864
306.5777725234505
282.0089282237506
249.1205295403832
282.4981958181068
302.4256693010838
306.6451403913298
281.8357012748273
272.60300821193573
302.2961277356047
301.7213553207275
308.6038156920207
241.3778995778638
297.289547737827
290.8125742468036
299.6804078427481
273.17831296877534
293.51876976018866
298.9847559218973
287.34999987003266
306.56233208786665
290.4896790833922
286.23859283573415
280.72875894669124
277.7572980741055
287.6734732713253
257.98454978671816
271.86438428774665
297.6565194924129
278.8020980731036
301.8761824892885
326.98455912018755
315.05471909394095
285.16042395930486
298.6258503364226
277.73387055934916
298.3246931880857
253.4957820751089
313.10418551596837
315.31483073882663
271.84335330443633
297.35809644558486
269.40293870691426
316.775080788226
308.606392879449
312.3851252987588
291.52637746764844
299.0348801772418
292.7593612334136
277.56228931286284
301.44548327458796
292.4461547703313
267.7223656569109
270.63435640332267
279.0494865690062
313.51526632554607
271.78927040217593
294.82690442857245
276.35575151873195
291.1710717826467
288.3118891318851
304.04402077393945
256.38303056609726
253.0626508107862
240.73351052822233
313.7159600930804
284.59788458861703
298.987163849316
246.79088982350376
287.1705287202556
295.697465215658
297.6768741920135
301.7984585975206
284.3092332233734
271.02820313085
257.77318001547235
279.3405140257959
254.66398722827353
286.34572935000364
322.1036901458104
318.48704729300914
309.2744949429459
295.4333187094636
245.68227848346027
289.46865815334996
314.93181649009415
