371.2581870517628
339.21066157057567
370.2078487236164
341.0073811588215
332.89673410552103
293.77434151447216
277.7856619435825
304.65408266382053
295.0243333209247
277.48286818360623
241.55066945316923
377.26336806117155
256.404229273659
286.9148308425751
285.2125329651932
358.3954223959812
314.43653728836557
294.8713240015537
319.7584022624893
338.86273460203716
342.6092459638105
316.39849278375846
319.8858408012401
333.55272709387043
326.5564151912889
334.7766314474102
290.01959708681005
337.29024420699034
319.3201798706048
364.0584765175744
287.40455364718326
312.1182579131118
341.9826637048298
300.16374737113733
343.019756611015
353.9159273308304
328.8104924058851
306.7166452929628
316.5386116087076
318.5809153592214
311.5388611875006
284.1297704597356
311.40225610884784
299.5882794400809
387.7494387580509
365.77508622210087
338.65625891067634
292.2394344654177
324.5345417295572
303.42312329040675
328.1955545932902
296.16109460212505
357.50348014187665
360.7311202898361
296.00130353265916
320.710997509933
310.6900011654038
368.5291088749108
343.6291814613864
349.55890699324334
318.8785497487657
313.9299072078322
326.29810045293914
311.8324092822454
330.53460019628676
327.40475540414945
315.5722290196778
295.5790221119797
293.5107157202119
346.56524714217244
309.6606786251376
348.90133539880077
293.1959498779745
329.7190237855071
336.6410138917106
339.3631072067135
320.8089934123619
292.1823630454964
278.54932843932244
355.4087846254423
320.47298476907923
340.34142419248235
295.0297959036325
341.0812286373605
320.6282171081968
332.21565539799104
334.6478291795296
315.7936435600589
294.4396779121701
277.41199891324584
320.01822381265623
305.3963480490279
335.86344330831156
362.47192428322256
341.2571610792408
359.83357128008146
328.63187217639916
266.16922821906894
316.6046962587229
340.17841239609714
