310.09744088013315
322.91249371389233
333.0632901509702
311.7506392707879
304.32109614130945
262.3505847271793
260.07939265923613
298.2941412102566
260.4842557727466
271.2747618737541
232.50495692647002
331.77528632565554
252.32999171484838
278.170088674464
271.11777722585975
322.4131873165867
298.8724747528753
253.45207604444738
288.1485861073202
324.1795081074826
306.50947817964345
290.6352832091913
272.60300821193573
310.4758826780442
305.0615998393352
299.9784977754427
256.6842670632359
299.1288039967274
290.8125742468036
313.5458485388724
268.84044712949844
294.6152483277478
320.5808395087271
291.8606540172224
324.89189472630636
312.94533938222787
294.14687662269444
295.0141414586133
304.7030295212303
302.2540899422286
264.56283298618047
283.3860955059973
290.9065848085057
286.314304200205
307.17508954270727
324.9986213566352
330.81271648186066
305.57905284147444
326.7413287609425
289.9240916130937
304.4282420819346
253.4957820751089
303.42723975762675
314.2266597601685
289.68340524816557
313.26055272748386
277.865118213932
336.4145928345683
305.9656850930335
305.4594037589841
303.4147564492909
302.97197522610264
304.7508745529133
287.2940386628818
309.38438163073795
292.4461547703313
268.9027149481746
277.0861618618941
278.7757101127395
313.5152663255461
271.8392748373517
308.13498830110325
278.1565845398236
310.27091536998273
295.1472897967876
322.3389866827837
287.4869435703912
260.08031222448983
252.32120250734235
287.39104060359523
294.8369603483003
323.716613676993
267.92746843233124
297.4578521230654
310.64611398489114
322.2166504417345
306.0012136011675
282.61166507306615
279.41000082994833
259.30889588176456
317.1678726061838
254.66398722827353
293.74188473950994
317.6709509113465
333.94517036626536
320.9155516401644
294.0561599318907
253.30074263474862
289.46865815334996
311.0088718388314
