317.49106296028026
313.2098542283395
329.02871914244145
289.20349885224306
298.2217772757703
255.01052138940074
264.78757246866195
293.9698081389959
260.4842557727466
263.5289300300191
232.50495692647
305.3792009603953
243.8863221227292
257.98995563408835
255.40864103227864
309.079384440253
282.0089282237506
246.98659788890382
284.9522923457568
287.1743582798996
306.6451403913298
292.14832650919345
272.60300821193573
302.2995643119831
301.7213553207275
294.0982037373818
242.8355762105513
296.71180122161843
278.6109761251858
316.869393048603
271.3448811858058
293.51876976018866
310.5751480841204
287.34999987003266
306.56233208786665
290.4896790833922
286.23859283573415
279.95481646383206
277.75729807410556
287.6734732713253
252.87980103709884
271.86438428774665
294.1728920831596
278.8020980731036
289.16585761806795
326.98455912018755
309.10322652884304
285.16042395930486
298.6258503364226
277.73387055934916
302.9148900986207
258.1136269929512
298.9876546997315
306.073243449404
271.84335330443633
297.35809644558486
269.40293870691426
316.775080788226
307.67408451451587
296.353907922625
291.52637746764844
299.0348801772418
296.3312325464696
277.56228931286284
296.7836550638444
292.44615477033125
269.59586459087944
270.63435640332267
279.0494865690062
313.51526632554607
271.78927040217593
294.82690442857245
276.35575151873195
289.60422814561946
288.3118891318851
304.04402077393945
256.38303056609726
253.0626508107862
240.73351052822233
287.39104060359523
284.06262587648297
297.0561488102665
246.79088982350376
287.2531827536281
295.697465215658
297.6768741920135
301.22520074757335
276.8968878212367
271.02820313085
254.0719036462001
279.3405140257959
254.66398722827353
285.7407003922625
322.1036901458104
318.4870472930091
312.6878343024825
294.6587438642712
245.68227848346027
289.46865815334996
303.0696500371307
