3.156260013272168408e+02
3.042355059643136315e+02
3.227143151980689026e+02
2.998662161793931773e+02
2.926079306322234288e+02
2.550105213894007647e+02
2.650993945139340440e+02
2.899182940059853877e+02
2.645575294762741123e+02
2.664612972092124323e+02
2.325049569264700153e+02
3.043965374745552026e+02
2.382691629269142481e+02
2.572794030905577642e+02
2.554086410322786378e+02
3.042961524814217000e+02
2.820089282237506154e+02
2.469865978889038161e+02
2.831389988344258200e+02
2.875065566101689569e+02
3.056399666437888527e+02
2.866037735458309044e+02
2.760030535778671492e+02
3.022995643119830902e+02
3.017213553207275254e+02
2.940982037373818230e+02
2.490192893428447007e+02
2.967118012216184297e+02
2.692403603442991766e+02
2.965650235127345127e+02
2.737544660660959153e+02
2.935187697601886612e+02
3.073038059260768478e+02
2.873499998700326614e+02
3.247530552912303392e+02
2.962565240896653904e+02
2.922118444728783970e+02
2.799548164638320600e+02
2.798204523263056558e+02
2.889073964243524415e+02
2.528798010370988436e+02
2.701797210382405297e+02
2.976565194924128832e+02
2.758829726762847940e+02
2.950733046887493742e+02
3.249986213566352262e+02
3.133937369187400463e+02
2.838926747174625689e+02
3.170320686326101622e+02
2.810807567678642158e+02
2.683988217557278517e+02
2.581136269929511968e+02
3.084055413887928125e+02
3.077563364347306560e+02
2.718433533044363344e+02
2.973580964455848630e+02
2.700022965942839619e+02
3.227526686656950119e+02
3.056870363662613954e+02
2.818896921359385601e+02
2.915263774676485014e+02
2.961375504011082853e+02
3.140621125754410627e+02
2.757009129357165875e+02
2.768647728844014182e+02
2.966512822217137000e+02
2.660515592601905155e+02
2.668218696443618683e+02
2.787757101127394890e+02
3.255699257851434822e+02
2.763068748642579635e+02
3.026331062242858820e+02
2.763557515187320064e+02
2.953723723316218184e+02
2.885436136538316987e+02
3.170376597514195964e+02
2.563830305660972613e+02
2.530626508107862094e+02
2.396574387740570273e+02
2.961248528001079876e+02
2.803299759506888904e+02
2.912433675609820511e+02
2.467908898235037896e+02
2.872531827536280957e+02
2.922661113149735570e+02
2.976768741920134858e+02
3.017985243536467124e+02
2.768968878212367599e+02
2.924896719513118910e+02
2.653107520125791439e+02
2.781747795285057236e+02
2.688611173329601343e+02
2.811099971898278795e+02
3.176709509113464946e+02
3.184870472930090841e+02
3.179289829007287835e+02
3.029976847414777126e+02
2.467234870717875310e+02
3.000237839554390007e+02
3.085578349293786573e+02
