2.1981446952320924
2.016278784824767
2.198589064280625
2.1005590090258246
2.4791442100929495
2.6317129465895888
2.749313330824294
2.584265790759588
2.562088074672868
2.7940713399405257
2.124395070344217
2.542116409906134
2.3548506316420994
2.893298005028223
2.3639392540914805
2.7887480475383053
2.29624825264178
2.466480700840285
2.7818652205863916
2.780891824833006
3.1522716000157556
2.230085907502335
2.9381732347472687
2.6529650964197793
2.4932976130472775
2.717985211941129
2.6432068896013647
2.443960109478877
2.2886899637656493
2.512987121944943
2.4674523543114466
2.4943742932360675
2.538526236493989
2.2760528355126852
2.6674176106959484
2.4844357377024826
2.5937877069277535
2.411148741037815
2.536508606759602
2.2477746561829957
2.7778503166219233
2.190649271506848
2.9621132290771635
2.4564618195341703
2.4227020441017926
2.7127404420689647
2.19364949331884
2.2850661597112514
2.5607905042975894
2.480160842305838
2.394814533968323
2.972075970099331
2.7032679699125786
2.7480858123088137
2.662901763774047
2.49387847714645
2.2264163975018008
2.2394472978284528
2.382609478101519
2.818599743375568
2.5148596956231253
1.937246421397294
2.336797823682915
2.2694474553834567
2.673707633400375
2.356432927407855
2.480704140787085
2.297768064684864
2.5184586765598174
2.201558798351717
2.3589740450437366
2.388955365458414
2.4676984145997025
2.7908324784496545
2.3842725207747955
2.3432628622137557
2.238990351707593
2.193322610875982
2.7673493485112326
2.4210591397257275
2.7135430850164175
2.6182575421457073
2.178707924222956
2.6779650854685957
3.080484938160615
2.7065730962270704
2.5040640502847076
2.3274951536861987
2.5806153628618227
2.770114866689826
2.3409602828331035
2.5671277683471807
2.118802192581942
2.769872314268983
2.2798787474020896
2.2876983261025408
2.3881562986652938
2.1150184185072707
2.1636936336633923
2.5376334793063746
