3.4895576119770944
3.6379153070713204
3.4158471095645613
3.768569484488965
3.48343548067239
3.7219738765143386
4.230665200485205
3.5023369230476247
3.5487269918394557
3.543903949726769
3.681559382653251
3.7631004176955387
3.671065485316608
3.61718983744413
3.520293179884135
3.2715873849505233
3.1982632763316503
3.782401698936604
3.246238038946744
3.5651490897958746
3.702952567711202
3.692000073993557
3.2630741377441606
3.37375204947817
3.4324586853986254
3.562122591994222
3.377362714614079
3.6286158906235615
3.5638834105514157
3.2959735897344147
3.151609327711905
3.0438785999865705
3.2665226413328883
3.3718437187910664
3.637649915536469
3.908671747167916
3.4253493055965105
3.5806330281758694
3.9141530618317297
3.920539115429141
3.856962333478118
3.3975043561613774
3.3865231476983775
3.7484561716536215
3.556677067151528
3.217043289764267
3.726101923732151
3.08912093192924
3.5366017663747042
3.8403232636950255
3.846791690045352
3.275717924379553
3.125926197333228
3.759131814925715
3.62141633515385
3.182078911246437
3.5321240392567876
3.594407738638918
3.705911203406652
3.861961626400359
3.1819122178830206
3.3919111936542286
3.482621870215623
3.4355942286813104
3.3015468302829114
3.853738969834547
3.655585959743547
3.6467663718518866
3.9231639714035085
3.6908148454194576
3.397143174822243
4.230935393644398
4.0472013021924225
3.214909210373173
3.237287323039298
3.3019158845584164
3.5657884759716207
3.6709351978053553
3.4808211826087163
3.458811458986747
3.2655208966719833
3.3571132080534234
3.466484546526047
3.62678874510864
3.593860359238072
3.5722407126367135
3.5537795331394175
3.590143100431726
3.6588091890789207
3.6183912479283977
3.4001025495489374
3.6031334942948323
3.5682297579708706
3.7611509930106255
4.1176402235690235
3.689381911815665
3.3487238858261277
3.6928061559032814
2.906980636154815
3.9597402192398103
