2.022070939800422
1.6878268305546986
2.5583728175094267
2.1311575172538237
2.105163003893495
2.3513574503864687
2.3456777138425204
2.0404986181574567
1.7982683662876127
2.0253169351866296
2.0422940130712783
1.9270392207103675
2.3315538410877954
2.2286997425195265
2.0013404807767645
1.7568149023959907
1.9896350961671387
2.055374599697971
1.9448363735931047
2.2987443468728843
1.8532666677890255
1.884769688840883
2.23371803859474
2.0121818963412235
2.1178806103298093
1.9027456227708544
1.659577034868809
1.6228291386371272
1.7053861926760439
1.7179842408661676
2.346112904856703
2.003432074891297
1.8513280117778328
1.906671013635784
2.5536262298521533
1.9056024939498197
2.2393899998292817
2.263445375202138
2.0895935988461543
2.62203764683779
1.9806593187278878
1.6392365223378733
1.8915362213633315
2.0703822249303796
1.9781025582198275
1.6292346582583765
2.2320746167314693
1.7694051004701825
2.0597609703424653
1.9851333680897976
1.7490634692742124
1.896830478000175
2.173058834299171
2.0972874755940456
1.8210092445021313
2.232458375472478
2.104621901894437
2.0629009043466326
2.2164229107669478
2.1842939894114988
1.6822545060192196
1.7100575580377764
2.496335177180482
1.8753619272841568
1.813130163429883
2.1502625474480257
1.9143792126582593
1.9861067986829952
2.003326717868755
2.0737630186780645
2.238527351523711
2.139234840079699
1.9431849336224274
2.320490825909173
2.334751967599364
1.5576892470660213
2.137455472403569
1.8404422621492862
1.8368201074170218
1.7319915309506533
1.9357642357768898
1.9676392301112122
2.5538726395153715
1.9868468002109183
1.8234226577179422
1.8934054894124293
2.287995172723997
2.353967556115558
2.016506691188673
2.1331414917697766
1.9627685065988572
1.7684646325715732
2.184729056712068
1.6574845479029239
2.2681779828622215
2.0959593825743843
2.2340300265328192
1.7982381586172376
1.9939841259967337
1.6976959281879997
