2.0839469782057827
1.992077333265871
2.219913274944641
2.0956906150759758
2.3914678765600046
2.482095412540117
2.6852304274596523
2.292017718565102
2.3694838356440076
2.702171161462517
2.072891698983805
2.53711059585648
2.235457418115538
2.642661753333986
2.224932605044102
2.7104813896940785
2.2366245911098757
2.371248988960641
2.4913624362839064
2.616843361138972
2.672290553362759
2.15760645257288
2.733111820833822
2.464217281319835
2.3305525788383754
2.6553810917139398
2.522001770886018
2.2421957408841853
2.3848001121256903
2.494935671044494
2.058677651941257
2.4006525074940055
2.514786104892716
2.234640748425495
2.5292307812263655
2.4301560057004643
2.5617097200467716
2.2927674447844395
2.4938700909974885
2.163901328529452
2.796948029673001
2.188772284339224
2.7667847943091823
2.267903536713001
2.4883610838707826
2.41548788405298
2.192389044948419
2.2218805000495436
2.409680379417863
2.3036599797117727
2.32303431549251
2.394454046322348
2.3571237120194217
2.098958686596016
2.626192918936842
2.452671776002364
2.0085536448944996
2.2394472978284528
2.1739644120447665
2.7951219195337966
2.1357479887718367
1.7951280134969947
2.266379905995212
2.179248305664984
2.538176756233148
2.1791109037256295
2.4417667905306506
2.1422147596742764
2.428422546604985
2.1879159959328565
1.9930299083675864
2.18496874155073
2.3304660604708407
2.5130082596059737
2.3723918633047036
2.217582827381858
1.996957153733152
2.2808485946234307
2.647809936278339
2.215787140220314
2.67194014327712
2.4902238311661686
2.0256821219961103
2.471437382983559
2.70007014916311
2.614694258973207
2.446295710685768
2.286096983410672
2.2792395822749545
2.5925131982354435
2.300490873221715
2.5177411440705213
2.093195590956052
2.322548889830293
2.2567989771071018
2.1785471938348824
2.15584343790433
2.0561195036251503
2.130974433499324
2.473095410598997
