3.7948488761915886
3.4991713139145535
3.269674656079787
3.426192916915515
3.245755935881363
3.633946666803593
3.571251510023239
3.4378589771854005
3.344906806512542
3.2830674765563903
3.5040605426906732
3.52854158092395
3.2292086817746055
3.0037952167007678
3.2787099052180126
3.1575113267348702
3.0674861268999605
3.686025474728673
3.1648513393513342
3.4337378780829093
3.5423105070274388
3.549686121597251
2.711280342943315
3.390735939007106
3.178614089356598
3.3064355549765407
3.385465635866808
3.482954341683142
3.100286817443872
3.2479843128854244
2.997045540358795
3.088029033489474
3.137303732621933
3.268898206616022
3.4999879425024716
3.5943908033404544
3.2225198494606886
3.4515870311720995
3.7549460827396786
3.52247826419971
3.4543065149716026
3.1723756226614137
3.204647273468553
3.634528248857295
3.391448243190464
3.2166113963868908
3.4356211892697877
3.0604661318573942
3.488923361851527
3.600722718864671
3.614869043052776
3.1032067981974567
2.9443879946876725
3.593221873232213
3.2691650668560293
3.0615564018171493
3.2379937816395725
3.3731709652536463
3.4673829893518624
3.3632453352946445
3.180052950424414
3.194476761560116
3.3491244790857086
3.3801649969970677
3.2820675541237234
3.7661416090918096
3.558224969487954
3.5930368070813983
3.5727130156842115
3.631582500609837
3.1708623822407644
3.589138858685713
3.618932302443767
2.9263681815391336
3.1624921538159763
3.2127281761994917
3.1909959571362654
3.641197611785791
3.2248599279787236
3.296632246353711
3.0499201128580387
3.266435378736454
3.3033971904580484
3.4746540237695553
3.505584277520466
3.44435631025768
3.6344945303639893
3.4530313654056792
3.4137245176833755
3.526864085347295
3.1542080550472225
3.4147337855813467
3.3824772109192507
3.6411839790004965
3.7979010621987066
3.446617848903804
3.3753833891054823
3.696205899470848
2.8602339174933835
3.687580195071833
