3.341613017692527
3.504972100139415
3.2607602157291953
3.3348354753607894
3.2158697397454454
3.51820829935246
3.254187967421088
3.1751610222016105
3.161482424193353
3.1774510321630336
3.466506923592438
3.4881716881036007
3.190734748913523
2.9494745022978965
3.2262045222540037
3.140867757919069
2.9265651781182016
3.658630414550713
2.981836424092204
3.3945832260802193
3.534953759381182
3.548724645263396
2.690783255910167
3.383166103481562
3.178614089356598
3.296771671904429
3.194575963073526
3.339945521852797
2.9535470125395045
2.963180042324142
2.9970455403587946
2.9541942016430167
3.0673557708164236
3.25769932547778
3.499987942502471
3.5770269550056537
3.1348396987080966
3.4296222719890337
3.5290889007968165
3.5548215501461393
3.272868427561668
3.1300091185828376
2.9874512101877806
3.5560383535742437
3.203408560397483
3.174869614814358
3.251146494494971
2.9171194764827386
3.4100231457237857
3.5311070126748176
3.413197611416657
3.10322347311143
2.8412239775815307
3.4553448702944887
3.231105693531781
3.0100868691398963
3.0070791182447363
3.3431363957673397
3.4857258147187133
3.3479145399091967
3.05721954415417
2.850260872061808
3.2291423278745524
3.3196843532216995
3.2383115189029716
3.5850223615187176
3.5193482617282763
3.494041569788682
3.4468168601048585
3.3987237612260164
2.9521890000615736
3.3486154273516817
3.6189323024437665
2.831485165052301
3.1624921538159754
3.0953302760460906
3.0718590978091806
3.5541368842284586
3.1661317218336436
3.179675496946313
2.8908474174563983
3.256971360881241
3.235025312840224
3.2458656392119902
3.2079775063096605
3.263701596283795
3.4787930071223676
3.266869081590119
3.3467921252399986
3.4935050063865805
3.1722089260920194
3.2464257673594448
3.3075895008257117
3.5884390282860124
3.6207485298068693
3.3653775930837364
3.238054926447466
3.274302416728999
2.8531514519620593
3.582089967065623
