246.97961723545643
276.797786090734
271.86643790928497
288.3018119922423
261.8450975470066
278.41370390652537
217.51950415260123
253.8555698886318
236.60127083863574
265.9868995890551
245.37998408402933
288.81797411721294
265.73967908136734
259.24475434839957
266.8724232613174
254.6535517854145
248.34055500459328
245.62919189056555
265.3560936996008
229.94037976487155
263.3700645774801
225.13164288483955
257.3588271714197
265.7597463011315
249.6057478227812
265.72167247246347
252.2762890987937
249.45246901327164
263.2214083960461
235.36648224688264
242.4957293757359
263.07364398342827
261.15380994840035
236.5238756674574
242.12533313521982
239.22984011819864
264.48715450536446
240.3530112562199
251.3256322382125
282.951368793235
280.19259155822147
240.00926433126034
276.8654198843377
246.35590699248405
259.6153160622401
239.2572723281536
282.8824609175063
292.3914813954658
237.37046985977548
277.1503298219884
252.7667978901497
255.84292287556426
260.61060941365054
267.2035896838314
279.0704901232401
249.6178063923332
254.62640722788495
258.75435911714345
267.3929888373068
243.49768298657682
203.65167368895288
277.28080078922346
299.10426663138253
268.9581724317546
260.8547180416184
269.72866431400416
249.34980187960784
239.39400110268448
227.51916599116657
213.2099799526643
278.56735493413163
251.16602699155527
282.8745254351116
236.4492121776284
240.85173456637307
261.0606513166021
232.6884407470128
247.52087415520546
239.98449374986905
255.7401086777511
223.3187148315372
235.82030344763112
266.3782339390579
304.9907019024737
247.11431295075607
245.51152324554323
247.50167122436181
270.21603116909347
293.85433569157664
275.1966264376188
229.5201341621676
231.48330850474088
245.25153107956083
263.7552849249842
260.30590757840304
245.5984337367807
228.50300367070585
244.1257962648058
272.4777658954414
264.39039510786756
