423.083298605231
441.89366514964513
458.9002585202457
441.56972118216936
429.8921148168551
445.42720708677166
432.3893390370023
426.75739001434897
444.1348277112295
451.15462579668457
450.5491289225934
408.7745167602417
470.44419183704184
478.6813024520508
440.2844107722867
477.90444381681453
432.8753810123059
430.93615142721666
471.7508722807309
436.2664974333199
465.4708950442154
450.1214561113437
430.3296504028993
476.5870650323637
463.6886435646999
480.86499948896375
500.37400354323233
471.801510383042
459.91787786736415
459.80884756003843
431.85747138943157
442.4065543234991
401.75881764982944
407.0618841322718
473.1904801665642
449.1142154960057
462.87170604187696
453.55602338530093
417.1373033940591
460.6228601839738
455.19079764310817
473.29365303409725
474.4886277991502
418.79546327301904
468.5481983608488
478.5315111593344
459.2768915361695
472.68396326984316
456.97098849392387
465.80124016852085
472.41143991624347
421.22745583333096
436.7520595309646
479.068748959053
463.01476069291704
460.7764167820573
428.8784856407009
465.4376405528815
397.127115419689
429.0722030892103
467.7991224212457
414.7124739101878
458.6412091196728
448.3303910608345
436.947610862578
430.65014408589076
420.04788023282623
451.7342607571013
470.83696291744025
432.70339263864975
454.3225181229553
405.4881923969755
475.11878968408985
404.670670253836
431.4324632260577
486.44454710587524
453.9846664553581
441.6382382791606
482.15486298646397
414.79555996053244
428.7471749698951
488.65770458956956
415.8389252449625
464.9088400656913
434.2662337187535
441.4196203268588
454.6827171215953
452.57834941818646
449.7608868858337
419.3626376218977
441.87134060099066
442.7058794633839
447.2945707662708
473.63590296166427
459.9513530054868
421.8932485866626
432.3458110465594
445.49260862232177
456.7421984196072
429.6136508484793
