417.2249540079454
409.4546079812797
420.62216058834844
398.1298245718177
403.1095973923981
421.93446452935177
389.66729295556377
418.4808047334419
406.81882535151044
481.0101586252403
440.5486828448739
415.87259154607113
442.35347071852203
471.1660587072937
421.94742511788553
457.84657327824846
404.7819101152485
406.41353389255784
477.70212035560064
422.720060166425
439.9639719178085
410.5712966411978
391.3254794608322
441.6619386251484
459.8861817868879
443.07142884103223
453.72185377729227
439.1649126220399
432.3890436475301
441.9654618847793
401.6430133043305
411.59874591402314
377.2382166505399
372.57008243718934
468.78624311868305
439.581795369814
459.8669290024745
427.02169409069813
394.74330714150017
414.2345909126501
427.71082478602716
466.7872995091361
474.8030627623307
401.74775071933794
426.01517750147923
432.73160517219577
423.0727670029517
431.3921621168843
412.1090672071809
430.9256211350903
443.43898064408836
402.1552950859122
416.20156540429605
443.67492725982584
424.23150658310186
428.99068801977927
423.02495479160655
427.63506620632745
399.7440613394525
411.7585475781343
449.51936736855845
389.42912667113825
436.13878182307474
413.31507773852445
413.62671470175815
414.7334266655115
393.7386330399403
419.63258158660256
478.5930788647548
414.12816956435927
439.075943261307
385.80396235859877
448.6220557173932
380.27433604997606
397.7020808741039
460.1620143858165
410.26321733797715
409.0922662358263
449.20752923379865
418.42679313375675
404.62036177499147
451.1911493682126
381.69299137039934
454.8580224057954
431.07030699628206
407.51608955071976
421.6886022691731
411.2970206893481
430.2951469001885
395.5206153431363
412.4420675611777
399.7990787118649
408.6886966205551
445.70569204329416
448.35673715563917
393.20757765351664
406.97575752460756
420.33577612289236
412.4737408125754
432.5810501669896
